4 4
0 0 0 0 0 0 0 0 0 0 0 0 0 0 0 0 
0 0 0 0 0 0 0 0 0 0 0 0 0 0 0 0 
0 0 0 0 0 0 0 0 0 0 0 0 0 0 0 0 
0 0 9 0 5 0 0 0 0 0 0 0 0 0 0 0 
0 0 2 5 0 0 0 0 0 0 0 0 0 0 0 0 
0 0 0 0 0 0 0 0 0 0 0 0 0 0 0 0 
0 0 0 0 0 0 0 0 0 0 2 0 0 0 0 0 
0 0 0 C 0 0 0 0 0 0 0 5 0 0 0 0 
0 0 0 0 0 0 0 0 0 0 0 0 0 0 9 0 
0 2 D 0 0 0 0 0 0 0 0 0 0 C 0 0 
0 0 0 0 D 0 0 F 0 0 0 0 0 0 0 0 
9 0 0 0 7 0 0 3 0 0 0 0 D 0 B 0 
0 0 0 0 0 0 0 0 0 0 0 0 0 0 0 0 
0 0 0 0 0 0 0 0 0 0 0 0 0 0 0 0 
0 0 0 0 0 0 0 0 0 0 0 E 0 0 0 0 
0 0 0 0 0 0 0 0 0 0 0 0 0 0 G 0 
