4 4
0 0 0 0 0 0 0 0 0 0 0 0 0 0 0 0 
0 0 0 0 0 0 0 1 E 0 B 6 0 0 0 0 
0 0 0 0 0 0 0 0 0 0 0 0 0 0 0 0 
0 0 0 0 0 0 0 0 0 0 0 4 0 B G 0 
0 0 0 0 0 0 0 0 4 0 0 0 0 0 0 0 
0 0 0 0 0 C 0 0 0 0 0 0 0 0 0 0 
0 0 0 0 0 0 0 0 0 0 0 0 0 0 0 0 
0 E 0 0 0 0 0 7 0 0 0 0 0 0 0 0 
0 0 0 0 0 0 0 0 0 0 0 3 0 0 B 9 
0 0 0 0 0 0 0 0 0 0 0 0 0 0 0 0 
0 0 0 0 0 0 0 0 0 0 0 0 0 0 0 0 
0 0 0 0 0 6 A 0 0 0 0 0 0 0 0 0 
0 0 0 0 0 0 0 0 0 0 0 9 0 5 1 6 
0 0 0 0 0 0 0 0 0 0 0 0 0 0 0 0 
0 0 0 0 0 0 0 0 0 0 0 0 0 0 0 0 
0 0 0 0 0 0 0 0 0 0 0 0 0 0 0 0 
